(kicad_pcb (version 20171130) (host pcbnew "(5.1.6)-1")

  (general
    (thickness 1.6)
    (drawings 16)
    (tracks 0)
    (zones 0)
    (modules 243)
    (nets 282)
  )

  (page A4)
  (layers
    (0 F.Cu mixed)
    (1 In1.Cu power)
    (2 In2.Cu power)
    (31 B.Cu signal)
    (32 B.Adhes user)
    (33 F.Adhes user)
    (34 B.Paste user)
    (35 F.Paste user)
    (36 B.SilkS user)
    (37 F.SilkS user)
    (38 B.Mask user)
    (39 F.Mask user)
    (40 Dwgs.User user)
    (41 Cmts.User user)
    (42 Eco1.User user)
    (43 Eco2.User user)
    (44 Edge.Cuts user)
    (45 Margin user)
    (46 B.CrtYd user)
    (47 F.CrtYd user)
    (48 B.Fab user hide)
    (49 F.Fab user hide)
  )

  (setup
    (last_trace_width 0.15)
    (trace_clearance 0.2)
    (zone_clearance 0.508)
    (zone_45_only no)
    (trace_min 0.15)
    (via_size 0.8)
    (via_drill 0.4)
    (via_min_size 0.4)
    (via_min_drill 0.3)
    (uvia_size 0.3)
    (uvia_drill 0.1)
    (uvias_allowed no)
    (uvia_min_size 0.2)
    (uvia_min_drill 0.1)
    (edge_width 0.05)
    (segment_width 0.2)
    (pcb_text_width 0.3)
    (pcb_text_size 1.5 1.5)
    (mod_edge_width 0.12)
    (mod_text_size 1 1)
    (mod_text_width 0.15)
    (pad_size 1.524 1.524)
    (pad_drill 0.762)
    (pad_to_mask_clearance 0.05)
    (solder_mask_min_width 0.1)
    (aux_axis_origin 0 0)
    (visible_elements 7FFFFFFF)
    (pcbplotparams
      (layerselection 0x010fc_ffffffff)
      (usegerberextensions false)
      (usegerberattributes true)
      (usegerberadvancedattributes true)
      (creategerberjobfile true)
      (excludeedgelayer true)
      (linewidth 0.100000)
      (plotframeref false)
      (viasonmask false)
      (mode 1)
      (useauxorigin false)
      (hpglpennumber 1)
      (hpglpenspeed 20)
      (hpglpendiameter 15.000000)
      (psnegative false)
      (psa4output false)
      (plotreference true)
      (plotvalue true)
      (plotinvisibletext false)
      (padsonsilk false)
      (subtractmaskfromsilk false)
      (outputformat 1)
      (mirror false)
      (drillshape 1)
      (scaleselection 1)
      (outputdirectory ""))
  )

  (net 0 "")
  (net 1 +3V3)
  (net 2 GND)
  (net 3 +1V2)
  (net 4 /Power/7-17VIN_PROTECTION/V_IN_FILTERED)
  (net 5 /Power/7-17VIN_PROTECTION/GND_IN_FILTERED)
  (net 6 /Power/7-17VIN_PROTECTION/V_IN_CHOKE)
  (net 7 /V_IN_PROTECTED)
  (net 8 "Net-(C24-Pad1)")
  (net 9 "Net-(C24-Pad2)")
  (net 10 /Power/7-17VIN-5V_REGULATOR/5V_IN)
  (net 11 /Power/7-17VIN-5V_REGULATOR/FB_5V)
  (net 12 +5V)
  (net 13 /Power/5V_1V2_REGULATOR/1V2_REG)
  (net 14 /Power/5V_1V2_REGULATOR/FB_1V2)
  (net 15 /Power/5V_3V3_REGULATOR/FB_3V3)
  (net 16 /GNDPLL_0)
  (net 17 /VCCPLL_0)
  (net 18 /GNDPLL_1)
  (net 19 /VCCPLL_1)
  (net 20 /SW1)
  (net 21 /SW6)
  (net 22 /SW2)
  (net 23 /SW7)
  (net 24 /SW3)
  (net 25 /SW4)
  (net 26 /SW5)
  (net 27 /USB/VBUS_IN)
  (net 28 /USB/GNDBUS)
  (net 29 VBUS)
  (net 30 +3V3_FTDI)
  (net 31 /HEADER/PMOD_3V3)
  (net 32 /HEADER/INO_3V3)
  (net 33 /HEADER/ADC_VCC)
  (net 34 "Net-(C63-Pad1)")
  (net 35 /USB_PROGRAMMER/1V8)
  (net 36 /USB_PROGRAMMER/V_USB_PHY)
  (net 37 /USB_PROGRAMMER/V_USB_PLL)
  (net 38 "Net-(D1-Pad2)")
  (net 39 "Net-(D2-Pad2)")
  (net 40 "Net-(D3-Pad2)")
  (net 41 "Net-(D4-Pad2)")
  (net 42 "Net-(D5-Pad2)")
  (net 43 "Net-(D6-Pad2)")
  (net 44 "Net-(D7-Pad2)")
  (net 45 "Net-(D8-Pad2)")
  (net 46 /CRESET_B)
  (net 47 /INO_RESET)
  (net 48 "Net-(D10-Pad1)")
  (net 49 /Power/EN_LOW_VOLTAGE)
  (net 50 "Net-(D11-Pad2)")
  (net 51 "Net-(D12-Pad2)")
  (net 52 "Net-(D13-Pad1)")
  (net 53 "Net-(D13-Pad2)")
  (net 54 /USB_D_P)
  (net 55 "Net-(D14-Pad3)")
  (net 56 "Net-(D14-Pad4)")
  (net 57 /USB_D_N)
  (net 58 "Net-(D15-Pad2)")
  (net 59 "Net-(D16-Pad1)")
  (net 60 "Net-(D16-Pad2)")
  (net 61 "Net-(D17-Pad2)")
  (net 62 "Net-(D17-Pad1)")
  (net 63 /Power/7-17VIN_PROTECTION/V_IN)
  (net 64 /Power/7-17VIN_PROTECTION/GND_IN)
  (net 65 "Net-(J2-Pad4)")
  (net 66 "Net-(J2-Pad6)")
  (net 67 "Net-(J3-Pad8)")
  (net 68 "Net-(J3-Pad1)")
  (net 69 /HEADER/INO_A0)
  (net 70 /HEADER/INO_A1)
  (net 71 /HEADER/INO_A2)
  (net 72 /HEADER/INO_A3)
  (net 73 /HEADER/INO_A4)
  (net 74 /HEADER/INO_A5)
  (net 75 /HEADER/INO_SCL)
  (net 76 /HEADER/INO_SDA)
  (net 77 /HEADER/INO_AREF)
  (net 78 /HEADER/INO_SCK)
  (net 79 /HEADER/INO_MISO)
  (net 80 /HEADER/INO_MOSI)
  (net 81 /HEADER/INO_SS)
  (net 82 /HEADER/INO_D9)
  (net 83 /HEADER/INO_D8)
  (net 84 /HEADER/INO_D7)
  (net 85 /HEADER/INO_D6)
  (net 86 /HEADER/INO_D5)
  (net 87 /HEADER/INO_D4)
  (net 88 /HEADER/INO_D3)
  (net 89 /HEADER/INO_D2)
  (net 90 /HEADER/INO_TX)
  (net 91 /HEADER/INO_RX)
  (net 92 "Net-(JP1-Pad1)")
  (net 93 "Net-(L3-Pad1)")
  (net 94 "Net-(L4-Pad1)")
  (net 95 /P4_1)
  (net 96 /P10_1)
  (net 97 /P3_1)
  (net 98 /P9_1)
  (net 99 /P2_1)
  (net 100 /P8_1)
  (net 101 /P1_1)
  (net 102 /P7_1)
  (net 103 /P4_2)
  (net 104 /P10_2)
  (net 105 /P3_2)
  (net 106 /P9_2)
  (net 107 /P2_2)
  (net 108 /P8_2)
  (net 109 /P1_2)
  (net 110 /P7_2)
  (net 111 /P7_3)
  (net 112 /P1_3)
  (net 113 /P8_3)
  (net 114 /P2_3)
  (net 115 /P9_3)
  (net 116 /P3_3)
  (net 117 /P10_3)
  (net 118 /P4_3)
  (net 119 /CDONE)
  (net 120 /HEADER/ADC_SDA_5V)
  (net 121 /ADC_SDA_3V3)
  (net 122 /ADC_SCL_3V3)
  (net 123 /HEADER/ADC_SCL_5V)
  (net 124 /Power/EN_HIGH_VOLTAGE)
  (net 125 /LED0)
  (net 126 "Net-(R18-Pad2)")
  (net 127 /LED1)
  (net 128 "Net-(R21-Pad2)")
  (net 129 /LED2)
  (net 130 /LED3)
  (net 131 "Net-(R25-Pad2)")
  (net 132 /LED4)
  (net 133 /LED5)
  (net 134 "Net-(R29-Pad2)")
  (net 135 /LED6)
  (net 136 "Net-(R32-Pad2)")
  (net 137 /LED7)
  (net 138 "Net-(R35-Pad2)")
  (net 139 "Net-(R38-Pad2)")
  (net 140 /OE0)
  (net 141 /OE1)
  (net 142 /PMOD_PWR_EN)
  (net 143 "Net-(R51-Pad2)")
  (net 144 "Net-(R55-Pad2)")
  (net 145 "Net-(R56-Pad2)")
  (net 146 "Net-(R57-Pad2)")
  (net 147 "Net-(R58-Pad2)")
  (net 148 "Net-(R59-Pad2)")
  (net 149 "Net-(R60-Pad2)")
  (net 150 "Net-(R63-Pad1)")
  (net 151 /SS)
  (net 152 /SCK)
  (net 153 "Net-(R66-Pad1)")
  (net 154 "Net-(SW6-Pad1)")
  (net 155 "Net-(SW6-Pad2)")
  (net 156 "Net-(SW6-Pad3)")
  (net 157 "Net-(SW6-Pad6)")
  (net 158 "Net-(SW7-Pad6)")
  (net 159 "Net-(SW7-Pad3)")
  (net 160 "Net-(SW7-Pad2)")
  (net 161 "Net-(SW7-Pad1)")
  (net 162 "Net-(SW9-Pad3)")
  (net 163 "Net-(SW9-Pad6)")
  (net 164 /CLK_12M)
  (net 165 "Net-(U1-Pad23)")
  (net 166 /FPGA_INO_SCK)
  (net 167 /FPGA_INO_MISO)
  (net 168 /FPGA_INO_SDA)
  (net 169 /FPGA_INO_SCL)
  (net 170 /FPGA_INO_MOSI)
  (net 171 /FPGA_INO_SS)
  (net 172 /FPGA_INO_D9)
  (net 173 /FPGA_INO_D8)
  (net 174 "Net-(U1-Pad133)")
  (net 175 /FPGA_INO_TX)
  (net 176 /FPGA_INO_RX)
  (net 177 /FPGA_INO_D2)
  (net 178 /FPGA_INO_D3)
  (net 179 /FPGA_INO_D4)
  (net 180 /FPGA_INO_D5)
  (net 181 /FPGA_INO_D6)
  (net 182 /FPGA_INO_D7)
  (net 183 /~DTR~)
  (net 184 /~DCD~)
  (net 185 /IC_CLK_50M)
  (net 186 /~DSR~)
  (net 187 /~CTS~)
  (net 188 /RXD)
  (net 189 /~RTS~)
  (net 190 /TXD)
  (net 191 "Net-(U1-Pad63)")
  (net 192 "Net-(U1-Pad64)")
  (net 193 /MOSI)
  (net 194 /MISO)
  (net 195 /A0)
  (net 196 /A1)
  (net 197 /A2)
  (net 198 /A3)
  (net 199 /A4)
  (net 200 /A18)
  (net 201 /IO0)
  (net 202 /A17)
  (net 203 /IO1)
  (net 204 /A16)
  (net 205 /IO2)
  (net 206 /A15)
  (net 207 /~SRAM_OE~)
  (net 208 /IO7)
  (net 209 /IO6)
  (net 210 /IO3)
  (net 211 /IO5)
  (net 212 /~SRAM_WE~)
  (net 213 /IO4)
  (net 214 /A14)
  (net 215 /A13)
  (net 216 /A12)
  (net 217 /A11)
  (net 218 /A10)
  (net 219 /A5)
  (net 220 /A6)
  (net 221 /A7)
  (net 222 /A8)
  (net 223 /A9)
  (net 224 "Net-(U1-Pad109)")
  (net 225 /~SRAM_CE~)
  (net 226 "Net-(U1-Pad135)")
  (net 227 "Net-(U2-Pad4)")
  (net 228 "Net-(U4-Pad4)")
  (net 229 "Net-(U5-Pad4)")
  (net 230 "Net-(U8-Pad1)")
  (net 231 "Net-(U8-Pad2)")
  (net 232 "Net-(U8-Pad21)")
  (net 233 "Net-(U8-Pad22)")
  (net 234 "Net-(U8-Pad23)")
  (net 235 "Net-(U8-Pad24)")
  (net 236 "Net-(U8-Pad25)")
  (net 237 "Net-(U8-Pad42)")
  (net 238 "Net-(U8-Pad43)")
  (net 239 "Net-(U8-Pad44)")
  (net 240 "Net-(U9-Pad4)")
  (net 241 "Net-(U10-Pad4)")
  (net 242 "Net-(U11-Pad4)")
  (net 243 "Net-(U13-Pad2)")
  (net 244 "Net-(U13-Pad3)")
  (net 245 "Net-(U13-Pad4)")
  (net 246 "Net-(U13-Pad12)")
  (net 247 /USB_PROGRAMMER/12_MHZ)
  (net 248 "Net-(U16-Pad3)")
  (net 249 /USB_PROGRAMMER/FTDI_SCK)
  (net 250 /USB_PROGRAMMER/FTDI_MOSI)
  (net 251 /USB_PROGRAMMER/FTDI_MISO)
  (net 252 "Net-(U16-Pad19)")
  (net 253 /USB_PROGRAMMER/FTDI_SS)
  (net 254 "Net-(U16-Pad22)")
  (net 255 /USB_PROGRAMMER/FTDI_CDONE)
  (net 256 /USB_PROGRAMMER/FTDI_CRESET_B)
  (net 257 "Net-(U16-Pad26)")
  (net 258 "Net-(U16-Pad27)")
  (net 259 "Net-(U16-Pad28)")
  (net 260 "Net-(U16-Pad29)")
  (net 261 "Net-(U16-Pad30)")
  (net 262 "Net-(U16-Pad32)")
  (net 263 "Net-(U16-Pad33)")
  (net 264 "Net-(U16-Pad34)")
  (net 265 "Net-(U16-Pad36)")
  (net 266 /USB_PROGRAMMER/FTDI_TXD)
  (net 267 /USB_PROGRAMMER/FTDI_RXD)
  (net 268 /USB_PROGRAMMER/~FTDI_RTS~)
  (net 269 /USB_PROGRAMMER/~FTDI_CTS~)
  (net 270 /USB_PROGRAMMER/~FTDI_DTR~)
  (net 271 /USB_PROGRAMMER/~FTDI_DSR~)
  (net 272 /USB_PROGRAMMER/~FTDI_DCD~)
  (net 273 "Net-(U16-Pad46)")
  (net 274 "Net-(U16-Pad48)")
  (net 275 "Net-(U16-Pad52)")
  (net 276 "Net-(U16-Pad53)")
  (net 277 "Net-(U16-Pad57)")
  (net 278 "Net-(U16-Pad58)")
  (net 279 "Net-(U16-Pad59)")
  (net 280 "Net-(U16-Pad60)")
  (net 281 /USB_PROGRAMMER/~1OE~)

  (net_class Default "This is the default net class."
    (clearance 0.2)
    (trace_width 0.15)
    (via_dia 0.8)
    (via_drill 0.4)
    (uvia_dia 0.3)
    (uvia_drill 0.1)
    (add_net +1V2)
    (add_net +3V3)
    (add_net +3V3_FTDI)
    (add_net +5V)
    (add_net /A0)
    (add_net /A1)
    (add_net /A10)
    (add_net /A11)
    (add_net /A12)
    (add_net /A13)
    (add_net /A14)
    (add_net /A15)
    (add_net /A16)
    (add_net /A17)
    (add_net /A18)
    (add_net /A2)
    (add_net /A3)
    (add_net /A4)
    (add_net /A5)
    (add_net /A6)
    (add_net /A7)
    (add_net /A8)
    (add_net /A9)
    (add_net /ADC_SCL_3V3)
    (add_net /ADC_SDA_3V3)
    (add_net /CDONE)
    (add_net /CLK_12M)
    (add_net /CRESET_B)
    (add_net /FPGA_INO_D2)
    (add_net /FPGA_INO_D3)
    (add_net /FPGA_INO_D4)
    (add_net /FPGA_INO_D5)
    (add_net /FPGA_INO_D6)
    (add_net /FPGA_INO_D7)
    (add_net /FPGA_INO_D8)
    (add_net /FPGA_INO_D9)
    (add_net /FPGA_INO_MISO)
    (add_net /FPGA_INO_MOSI)
    (add_net /FPGA_INO_RX)
    (add_net /FPGA_INO_SCK)
    (add_net /FPGA_INO_SCL)
    (add_net /FPGA_INO_SDA)
    (add_net /FPGA_INO_SS)
    (add_net /FPGA_INO_TX)
    (add_net /GNDPLL_0)
    (add_net /GNDPLL_1)
    (add_net /HEADER/ADC_SCL_5V)
    (add_net /HEADER/ADC_SDA_5V)
    (add_net /HEADER/ADC_VCC)
    (add_net /HEADER/INO_3V3)
    (add_net /HEADER/INO_A0)
    (add_net /HEADER/INO_A1)
    (add_net /HEADER/INO_A2)
    (add_net /HEADER/INO_A3)
    (add_net /HEADER/INO_A4)
    (add_net /HEADER/INO_A5)
    (add_net /HEADER/INO_AREF)
    (add_net /HEADER/INO_D2)
    (add_net /HEADER/INO_D3)
    (add_net /HEADER/INO_D4)
    (add_net /HEADER/INO_D5)
    (add_net /HEADER/INO_D6)
    (add_net /HEADER/INO_D7)
    (add_net /HEADER/INO_D8)
    (add_net /HEADER/INO_D9)
    (add_net /HEADER/INO_MISO)
    (add_net /HEADER/INO_MOSI)
    (add_net /HEADER/INO_RX)
    (add_net /HEADER/INO_SCK)
    (add_net /HEADER/INO_SCL)
    (add_net /HEADER/INO_SDA)
    (add_net /HEADER/INO_SS)
    (add_net /HEADER/INO_TX)
    (add_net /HEADER/PMOD_3V3)
    (add_net /IC_CLK_50M)
    (add_net /INO_RESET)
    (add_net /IO0)
    (add_net /IO1)
    (add_net /IO2)
    (add_net /IO3)
    (add_net /IO4)
    (add_net /IO5)
    (add_net /IO6)
    (add_net /IO7)
    (add_net /LED0)
    (add_net /LED1)
    (add_net /LED2)
    (add_net /LED3)
    (add_net /LED4)
    (add_net /LED5)
    (add_net /LED6)
    (add_net /LED7)
    (add_net /MISO)
    (add_net /MOSI)
    (add_net /OE0)
    (add_net /OE1)
    (add_net /P10_1)
    (add_net /P10_2)
    (add_net /P10_3)
    (add_net /P1_1)
    (add_net /P1_2)
    (add_net /P1_3)
    (add_net /P2_1)
    (add_net /P2_2)
    (add_net /P2_3)
    (add_net /P3_1)
    (add_net /P3_2)
    (add_net /P3_3)
    (add_net /P4_1)
    (add_net /P4_2)
    (add_net /P4_3)
    (add_net /P7_1)
    (add_net /P7_2)
    (add_net /P7_3)
    (add_net /P8_1)
    (add_net /P8_2)
    (add_net /P8_3)
    (add_net /P9_1)
    (add_net /P9_2)
    (add_net /P9_3)
    (add_net /PMOD_PWR_EN)
    (add_net /Power/5V_1V2_REGULATOR/1V2_REG)
    (add_net /Power/5V_1V2_REGULATOR/FB_1V2)
    (add_net /Power/5V_3V3_REGULATOR/FB_3V3)
    (add_net /Power/7-17VIN-5V_REGULATOR/5V_IN)
    (add_net /Power/7-17VIN-5V_REGULATOR/FB_5V)
    (add_net /Power/7-17VIN_PROTECTION/GND_IN)
    (add_net /Power/7-17VIN_PROTECTION/GND_IN_FILTERED)
    (add_net /Power/7-17VIN_PROTECTION/V_IN)
    (add_net /Power/7-17VIN_PROTECTION/V_IN_CHOKE)
    (add_net /Power/7-17VIN_PROTECTION/V_IN_FILTERED)
    (add_net /Power/EN_HIGH_VOLTAGE)
    (add_net /Power/EN_LOW_VOLTAGE)
    (add_net /RXD)
    (add_net /SCK)
    (add_net /SS)
    (add_net /SW1)
    (add_net /SW2)
    (add_net /SW3)
    (add_net /SW4)
    (add_net /SW5)
    (add_net /SW6)
    (add_net /SW7)
    (add_net /TXD)
    (add_net /USB/GNDBUS)
    (add_net /USB/VBUS_IN)
    (add_net /USB_D_N)
    (add_net /USB_D_P)
    (add_net /USB_PROGRAMMER/12_MHZ)
    (add_net /USB_PROGRAMMER/1V8)
    (add_net /USB_PROGRAMMER/FTDI_CDONE)
    (add_net /USB_PROGRAMMER/FTDI_CRESET_B)
    (add_net /USB_PROGRAMMER/FTDI_MISO)
    (add_net /USB_PROGRAMMER/FTDI_MOSI)
    (add_net /USB_PROGRAMMER/FTDI_RXD)
    (add_net /USB_PROGRAMMER/FTDI_SCK)
    (add_net /USB_PROGRAMMER/FTDI_SS)
    (add_net /USB_PROGRAMMER/FTDI_TXD)
    (add_net /USB_PROGRAMMER/V_USB_PHY)
    (add_net /USB_PROGRAMMER/V_USB_PLL)
    (add_net /USB_PROGRAMMER/~1OE~)
    (add_net /USB_PROGRAMMER/~FTDI_CTS~)
    (add_net /USB_PROGRAMMER/~FTDI_DCD~)
    (add_net /USB_PROGRAMMER/~FTDI_DSR~)
    (add_net /USB_PROGRAMMER/~FTDI_DTR~)
    (add_net /USB_PROGRAMMER/~FTDI_RTS~)
    (add_net /VCCPLL_0)
    (add_net /VCCPLL_1)
    (add_net /V_IN_PROTECTED)
    (add_net /~CTS~)
    (add_net /~DCD~)
    (add_net /~DSR~)
    (add_net /~DTR~)
    (add_net /~RTS~)
    (add_net /~SRAM_CE~)
    (add_net /~SRAM_OE~)
    (add_net /~SRAM_WE~)
    (add_net GND)
    (add_net "Net-(C24-Pad1)")
    (add_net "Net-(C24-Pad2)")
    (add_net "Net-(C63-Pad1)")
    (add_net "Net-(D1-Pad2)")
    (add_net "Net-(D10-Pad1)")
    (add_net "Net-(D11-Pad2)")
    (add_net "Net-(D12-Pad2)")
    (add_net "Net-(D13-Pad1)")
    (add_net "Net-(D13-Pad2)")
    (add_net "Net-(D14-Pad3)")
    (add_net "Net-(D14-Pad4)")
    (add_net "Net-(D15-Pad2)")
    (add_net "Net-(D16-Pad1)")
    (add_net "Net-(D16-Pad2)")
    (add_net "Net-(D17-Pad1)")
    (add_net "Net-(D17-Pad2)")
    (add_net "Net-(D2-Pad2)")
    (add_net "Net-(D3-Pad2)")
    (add_net "Net-(D4-Pad2)")
    (add_net "Net-(D5-Pad2)")
    (add_net "Net-(D6-Pad2)")
    (add_net "Net-(D7-Pad2)")
    (add_net "Net-(D8-Pad2)")
    (add_net "Net-(J2-Pad4)")
    (add_net "Net-(J2-Pad6)")
    (add_net "Net-(J3-Pad1)")
    (add_net "Net-(J3-Pad8)")
    (add_net "Net-(JP1-Pad1)")
    (add_net "Net-(L3-Pad1)")
    (add_net "Net-(L4-Pad1)")
    (add_net "Net-(R18-Pad2)")
    (add_net "Net-(R21-Pad2)")
    (add_net "Net-(R25-Pad2)")
    (add_net "Net-(R29-Pad2)")
    (add_net "Net-(R32-Pad2)")
    (add_net "Net-(R35-Pad2)")
    (add_net "Net-(R38-Pad2)")
    (add_net "Net-(R51-Pad2)")
    (add_net "Net-(R55-Pad2)")
    (add_net "Net-(R56-Pad2)")
    (add_net "Net-(R57-Pad2)")
    (add_net "Net-(R58-Pad2)")
    (add_net "Net-(R59-Pad2)")
    (add_net "Net-(R60-Pad2)")
    (add_net "Net-(R63-Pad1)")
    (add_net "Net-(R66-Pad1)")
    (add_net "Net-(SW6-Pad1)")
    (add_net "Net-(SW6-Pad2)")
    (add_net "Net-(SW6-Pad3)")
    (add_net "Net-(SW6-Pad6)")
    (add_net "Net-(SW7-Pad1)")
    (add_net "Net-(SW7-Pad2)")
    (add_net "Net-(SW7-Pad3)")
    (add_net "Net-(SW7-Pad6)")
    (add_net "Net-(SW9-Pad3)")
    (add_net "Net-(SW9-Pad6)")
    (add_net "Net-(U1-Pad109)")
    (add_net "Net-(U1-Pad133)")
    (add_net "Net-(U1-Pad135)")
    (add_net "Net-(U1-Pad23)")
    (add_net "Net-(U1-Pad63)")
    (add_net "Net-(U1-Pad64)")
    (add_net "Net-(U10-Pad4)")
    (add_net "Net-(U11-Pad4)")
    (add_net "Net-(U13-Pad12)")
    (add_net "Net-(U13-Pad2)")
    (add_net "Net-(U13-Pad3)")
    (add_net "Net-(U13-Pad4)")
    (add_net "Net-(U16-Pad19)")
    (add_net "Net-(U16-Pad22)")
    (add_net "Net-(U16-Pad26)")
    (add_net "Net-(U16-Pad27)")
    (add_net "Net-(U16-Pad28)")
    (add_net "Net-(U16-Pad29)")
    (add_net "Net-(U16-Pad3)")
    (add_net "Net-(U16-Pad30)")
    (add_net "Net-(U16-Pad32)")
    (add_net "Net-(U16-Pad33)")
    (add_net "Net-(U16-Pad34)")
    (add_net "Net-(U16-Pad36)")
    (add_net "Net-(U16-Pad46)")
    (add_net "Net-(U16-Pad48)")
    (add_net "Net-(U16-Pad52)")
    (add_net "Net-(U16-Pad53)")
    (add_net "Net-(U16-Pad57)")
    (add_net "Net-(U16-Pad58)")
    (add_net "Net-(U16-Pad59)")
    (add_net "Net-(U16-Pad60)")
    (add_net "Net-(U2-Pad4)")
    (add_net "Net-(U4-Pad4)")
    (add_net "Net-(U5-Pad4)")
    (add_net "Net-(U8-Pad1)")
    (add_net "Net-(U8-Pad2)")
    (add_net "Net-(U8-Pad21)")
    (add_net "Net-(U8-Pad22)")
    (add_net "Net-(U8-Pad23)")
    (add_net "Net-(U8-Pad24)")
    (add_net "Net-(U8-Pad25)")
    (add_net "Net-(U8-Pad42)")
    (add_net "Net-(U8-Pad43)")
    (add_net "Net-(U8-Pad44)")
    (add_net "Net-(U9-Pad4)")
    (add_net VBUS)
  )

  (module Package_SO:QSOP-16_3.9x4.9mm_P0.635mm (layer F.Cu) (tedit 5A02F25C) (tstamp 5EE1ED7A)
    (at 46.25 108 90)
    (descr "16-Lead Plastic Shrink Small Outline Narrow Body (QR)-.150\" Body [QSOP] (see Microchip Packaging Specification 00000049BS.pdf)")
    (tags "SSOP 0.635")
    (path /5ED96D61/61CA90A4)
    (attr smd)
    (fp_text reference U13 (at 0 -3.5 90) (layer F.SilkS)
      (effects (font (size 1 1) (thickness 0.15)))
    )
    (fp_text value MAX11614 (at 0 3.5 90) (layer F.Fab)
      (effects (font (size 1 1) (thickness 0.15)))
    )
    (fp_line (start -3.525 -2.725) (end 1.8586 -2.725) (layer F.SilkS) (width 0.15))
    (fp_line (start -1.8543 2.675) (end 1.8543 2.675) (layer F.SilkS) (width 0.15))
    (fp_line (start -3.7 2.8) (end 3.7 2.8) (layer F.CrtYd) (width 0.05))
    (fp_line (start -3.7 -2.85) (end 3.7 -2.85) (layer F.CrtYd) (width 0.05))
    (fp_line (start 3.7 -2.85) (end 3.7 2.8) (layer F.CrtYd) (width 0.05))
    (fp_line (start -3.7 -2.85) (end -3.7 2.8) (layer F.CrtYd) (width 0.05))
    (fp_line (start -1.95 -1.45) (end -0.95 -2.45) (layer F.Fab) (width 0.15))
    (fp_line (start -1.95 2.45) (end -1.95 -1.45) (layer F.Fab) (width 0.15))
    (fp_line (start 1.95 2.45) (end -1.95 2.45) (layer F.Fab) (width 0.15))
    (fp_line (start 1.95 -2.45) (end 1.95 2.45) (layer F.Fab) (width 0.15))
    (fp_line (start -0.95 -2.45) (end 1.95 -2.45) (layer F.Fab) (width 0.15))
    (fp_text user %R (at 0 0 90) (layer F.Fab)
      (effects (font (size 0.7 0.7) (thickness 0.15)))
    )
    (pad 1 smd rect (at -2.6543 -2.2225 90) (size 1.6 0.41) (layers F.Cu F.Paste F.Mask)
      (net 34 "Net-(C63-Pad1)"))
    (pad 2 smd rect (at -2.6543 -1.5875 90) (size 1.6 0.41) (layers F.Cu F.Paste F.Mask)
      (net 243 "Net-(U13-Pad2)"))
    (pad 3 smd rect (at -2.6543 -0.9525 90) (size 1.6 0.41) (layers F.Cu F.Paste F.Mask)
      (net 244 "Net-(U13-Pad3)"))
    (pad 4 smd rect (at -2.6543 -0.3175 90) (size 1.6 0.41) (layers F.Cu F.Paste F.Mask)
      (net 245 "Net-(U13-Pad4)"))
    (pad 5 smd rect (at -2.6543 0.3175 90) (size 1.6 0.41) (layers F.Cu F.Paste F.Mask)
      (net 74 /HEADER/INO_A5))
    (pad 6 smd rect (at -2.6543 0.9525 90) (size 1.6 0.41) (layers F.Cu F.Paste F.Mask)
      (net 73 /HEADER/INO_A4))
    (pad 7 smd rect (at -2.6543 1.5875 90) (size 1.6 0.41) (layers F.Cu F.Paste F.Mask)
      (net 72 /HEADER/INO_A3))
    (pad 8 smd rect (at -2.6543 2.2225 90) (size 1.6 0.41) (layers F.Cu F.Paste F.Mask)
      (net 71 /HEADER/INO_A2))
    (pad 9 smd rect (at 2.6543 2.2225 90) (size 1.6 0.41) (layers F.Cu F.Paste F.Mask)
      (net 70 /HEADER/INO_A1))
    (pad 10 smd rect (at 2.6543 1.5875 90) (size 1.6 0.41) (layers F.Cu F.Paste F.Mask)
      (net 69 /HEADER/INO_A0))
    (pad 11 smd rect (at 2.6543 0.9525 90) (size 1.6 0.41) (layers F.Cu F.Paste F.Mask)
      (net 143 "Net-(R51-Pad2)"))
    (pad 12 smd rect (at 2.6543 0.3175 90) (size 1.6 0.41) (layers F.Cu F.Paste F.Mask)
      (net 246 "Net-(U13-Pad12)"))
    (pad 13 smd rect (at 2.6543 -0.3175 90) (size 1.6 0.41) (layers F.Cu F.Paste F.Mask)
      (net 123 /HEADER/ADC_SCL_5V))
    (pad 14 smd rect (at 2.6543 -0.9525 90) (size 1.6 0.41) (layers F.Cu F.Paste F.Mask)
      (net 120 /HEADER/ADC_SDA_5V))
    (pad 15 smd rect (at 2.6543 -1.5875 90) (size 1.6 0.41) (layers F.Cu F.Paste F.Mask)
      (net 2 GND))
    (pad 16 smd rect (at 2.6543 -2.2225 90) (size 1.6 0.41) (layers F.Cu F.Paste F.Mask)
      (net 33 /HEADER/ADC_VCC))
    (model ${KISYS3DMOD}/Package_SO.3dshapes/QSOP-16_3.9x4.9mm_P0.635mm.wrl
      (at (xyz 0 0 0))
      (scale (xyz 1 1 1))
      (rotate (xyz 0 0 0))
    )
  )

  (module Capacitor_SMD:C_0603_1608Metric (layer F.Cu) (tedit 5B301BBE) (tstamp 5EE1DB69)
    (at -114.734999 -8.294999)
    (descr "Capacitor SMD 0603 (1608 Metric), square (rectangular) end terminal, IPC_7351 nominal, (Body size source: http://www.tortai-tech.com/upload/download/2011102023233369053.pdf), generated with kicad-footprint-generator")
    (tags capacitor)
    (path /5ECD2614/5CE9322D)
    (attr smd)
    (fp_text reference C1 (at 0 -1.43) (layer F.SilkS)
      (effects (font (size 1 1) (thickness 0.15)))
    )
    (fp_text value "10 uF 6,3 V" (at 0 1.43) (layer F.Fab)
      (effects (font (size 1 1) (thickness 0.15)))
    )
    (fp_line (start 1.48 0.73) (end -1.48 0.73) (layer F.CrtYd) (width 0.05))
    (fp_line (start 1.48 -0.73) (end 1.48 0.73) (layer F.CrtYd) (width 0.05))
    (fp_line (start -1.48 -0.73) (end 1.48 -0.73) (layer F.CrtYd) (width 0.05))
    (fp_line (start -1.48 0.73) (end -1.48 -0.73) (layer F.CrtYd) (width 0.05))
    (fp_line (start -0.162779 0.51) (end 0.162779 0.51) (layer F.SilkS) (width 0.12))
    (fp_line (start -0.162779 -0.51) (end 0.162779 -0.51) (layer F.SilkS) (width 0.12))
    (fp_line (start 0.8 0.4) (end -0.8 0.4) (layer F.Fab) (width 0.1))
    (fp_line (start 0.8 -0.4) (end 0.8 0.4) (layer F.Fab) (width 0.1))
    (fp_line (start -0.8 -0.4) (end 0.8 -0.4) (layer F.Fab) (width 0.1))
    (fp_line (start -0.8 0.4) (end -0.8 -0.4) (layer F.Fab) (width 0.1))
    (fp_text user %R (at 0 0) (layer F.Fab)
      (effects (font (size 0.4 0.4) (thickness 0.06)))
    )
    (pad 1 smd roundrect (at -0.7875 0) (size 0.875 0.95) (layers F.Cu F.Paste F.Mask) (roundrect_rratio 0.25)
      (net 1 +3V3))
    (pad 2 smd roundrect (at 0.7875 0) (size 0.875 0.95) (layers F.Cu F.Paste F.Mask) (roundrect_rratio 0.25)
      (net 2 GND))
    (model ${KISYS3DMOD}/Capacitor_SMD.3dshapes/C_0603_1608Metric.wrl
      (at (xyz 0 0 0))
      (scale (xyz 1 1 1))
      (rotate (xyz 0 0 0))
    )
  )

  (module Capacitor_SMD:C_0603_1608Metric (layer F.Cu) (tedit 5B301BBE) (tstamp 5EE1DB7A)
    (at -110.084999 -15.824999)
    (descr "Capacitor SMD 0603 (1608 Metric), square (rectangular) end terminal, IPC_7351 nominal, (Body size source: http://www.tortai-tech.com/upload/download/2011102023233369053.pdf), generated with kicad-footprint-generator")
    (tags capacitor)
    (path /5ECD2614/61526BE9)
    (attr smd)
    (fp_text reference C2 (at 0 -1.43) (layer F.SilkS)
      (effects (font (size 1 1) (thickness 0.15)))
    )
    (fp_text value "10 uF 6,3 V" (at 0 1.43) (layer F.Fab)
      (effects (font (size 1 1) (thickness 0.15)))
    )
    (fp_line (start 1.48 0.73) (end -1.48 0.73) (layer F.CrtYd) (width 0.05))
    (fp_line (start 1.48 -0.73) (end 1.48 0.73) (layer F.CrtYd) (width 0.05))
    (fp_line (start -1.48 -0.73) (end 1.48 -0.73) (layer F.CrtYd) (width 0.05))
    (fp_line (start -1.48 0.73) (end -1.48 -0.73) (layer F.CrtYd) (width 0.05))
    (fp_line (start -0.162779 0.51) (end 0.162779 0.51) (layer F.SilkS) (width 0.12))
    (fp_line (start -0.162779 -0.51) (end 0.162779 -0.51) (layer F.SilkS) (width 0.12))
    (fp_line (start 0.8 0.4) (end -0.8 0.4) (layer F.Fab) (width 0.1))
    (fp_line (start 0.8 -0.4) (end 0.8 0.4) (layer F.Fab) (width 0.1))
    (fp_line (start -0.8 -0.4) (end 0.8 -0.4) (layer F.Fab) (width 0.1))
    (fp_line (start -0.8 0.4) (end -0.8 -0.4) (layer F.Fab) (width 0.1))
    (fp_text user %R (at 0 0) (layer F.Fab)
      (effects (font (size 0.4 0.4) (thickness 0.06)))
    )
    (pad 1 smd roundrect (at -0.7875 0) (size 0.875 0.95) (layers F.Cu F.Paste F.Mask) (roundrect_rratio 0.25)
      (net 1 +3V3))
    (pad 2 smd roundrect (at 0.7875 0) (size 0.875 0.95) (layers F.Cu F.Paste F.Mask) (roundrect_rratio 0.25)
      (net 2 GND))
    (model ${KISYS3DMOD}/Capacitor_SMD.3dshapes/C_0603_1608Metric.wrl
      (at (xyz 0 0 0))
      (scale (xyz 1 1 1))
      (rotate (xyz 0 0 0))
    )
  )

  (module Capacitor_SMD:C_0603_1608Metric (layer F.Cu) (tedit 5B301BBE) (tstamp 5EE1DB8B)
    (at -110.084999 -18.334999)
    (descr "Capacitor SMD 0603 (1608 Metric), square (rectangular) end terminal, IPC_7351 nominal, (Body size source: http://www.tortai-tech.com/upload/download/2011102023233369053.pdf), generated with kicad-footprint-generator")
    (tags capacitor)
    (path /5ECD2614/5CC5B0DE)
    (attr smd)
    (fp_text reference C3 (at 0 -1.43) (layer F.SilkS)
      (effects (font (size 1 1) (thickness 0.15)))
    )
    (fp_text value "100nF 6,3 V" (at 0 1.43) (layer F.Fab)
      (effects (font (size 1 1) (thickness 0.15)))
    )
    (fp_line (start 1.48 0.73) (end -1.48 0.73) (layer F.CrtYd) (width 0.05))
    (fp_line (start 1.48 -0.73) (end 1.48 0.73) (layer F.CrtYd) (width 0.05))
    (fp_line (start -1.48 -0.73) (end 1.48 -0.73) (layer F.CrtYd) (width 0.05))
    (fp_line (start -1.48 0.73) (end -1.48 -0.73) (layer F.CrtYd) (width 0.05))
    (fp_line (start -0.162779 0.51) (end 0.162779 0.51) (layer F.SilkS) (width 0.12))
    (fp_line (start -0.162779 -0.51) (end 0.162779 -0.51) (layer F.SilkS) (width 0.12))
    (fp_line (start 0.8 0.4) (end -0.8 0.4) (layer F.Fab) (width 0.1))
    (fp_line (start 0.8 -0.4) (end 0.8 0.4) (layer F.Fab) (width 0.1))
    (fp_line (start -0.8 -0.4) (end 0.8 -0.4) (layer F.Fab) (width 0.1))
    (fp_line (start -0.8 0.4) (end -0.8 -0.4) (layer F.Fab) (width 0.1))
    (fp_text user %R (at 0 0) (layer F.Fab)
      (effects (font (size 0.4 0.4) (thickness 0.06)))
    )
    (pad 1 smd roundrect (at -0.7875 0) (size 0.875 0.95) (layers F.Cu F.Paste F.Mask) (roundrect_rratio 0.25)
      (net 1 +3V3))
    (pad 2 smd roundrect (at 0.7875 0) (size 0.875 0.95) (layers F.Cu F.Paste F.Mask) (roundrect_rratio 0.25)
      (net 2 GND))
    (model ${KISYS3DMOD}/Capacitor_SMD.3dshapes/C_0603_1608Metric.wrl
      (at (xyz 0 0 0))
      (scale (xyz 1 1 1))
      (rotate (xyz 0 0 0))
    )
  )

  (module Capacitor_SMD:C_0603_1608Metric (layer F.Cu) (tedit 5B301BBE) (tstamp 5EE1DB9C)
    (at -114.694999 -13.314999)
    (descr "Capacitor SMD 0603 (1608 Metric), square (rectangular) end terminal, IPC_7351 nominal, (Body size source: http://www.tortai-tech.com/upload/download/2011102023233369053.pdf), generated with kicad-footprint-generator")
    (tags capacitor)
    (path /5ECD2614/5CC7A18B)
    (attr smd)
    (fp_text reference C4 (at 0 -1.43) (layer F.SilkS)
      (effects (font (size 1 1) (thickness 0.15)))
    )
    (fp_text value "100nF 6,3 V" (at 0 1.43) (layer F.Fab)
      (effects (font (size 1 1) (thickness 0.15)))
    )
    (fp_line (start -0.8 0.4) (end -0.8 -0.4) (layer F.Fab) (width 0.1))
    (fp_line (start -0.8 -0.4) (end 0.8 -0.4) (layer F.Fab) (width 0.1))
    (fp_line (start 0.8 -0.4) (end 0.8 0.4) (layer F.Fab) (width 0.1))
    (fp_line (start 0.8 0.4) (end -0.8 0.4) (layer F.Fab) (width 0.1))
    (fp_line (start -0.162779 -0.51) (end 0.162779 -0.51) (layer F.SilkS) (width 0.12))
    (fp_line (start -0.162779 0.51) (end 0.162779 0.51) (layer F.SilkS) (width 0.12))
    (fp_line (start -1.48 0.73) (end -1.48 -0.73) (layer F.CrtYd) (width 0.05))
    (fp_line (start -1.48 -0.73) (end 1.48 -0.73) (layer F.CrtYd) (width 0.05))
    (fp_line (start 1.48 -0.73) (end 1.48 0.73) (layer F.CrtYd) (width 0.05))
    (fp_line (start 1.48 0.73) (end -1.48 0.73) (layer F.CrtYd) (width 0.05))
    (fp_text user %R (at 0 0) (layer F.Fab)
      (effects (font (size 0.4 0.4) (thickness 0.06)))
    )
    (pad 2 smd roundrect (at 0.7875 0) (size 0.875 0.95) (layers F.Cu F.Paste F.Mask) (roundrect_rratio 0.25)
      (net 2 GND))
    (pad 1 smd roundrect (at -0.7875 0) (size 0.875 0.95) (layers F.Cu F.Paste F.Mask) (roundrect_rratio 0.25)
      (net 1 +3V3))
    (model ${KISYS3DMOD}/Capacitor_SMD.3dshapes/C_0603_1608Metric.wrl
      (at (xyz 0 0 0))
      (scale (xyz 1 1 1))
      (rotate (xyz 0 0 0))
    )
  )

  (module Capacitor_SMD:C_0603_1608Metric (layer F.Cu) (tedit 5B301BBE) (tstamp 5EE1DBAD)
    (at -118.744999 -8.544999)
    (descr "Capacitor SMD 0603 (1608 Metric), square (rectangular) end terminal, IPC_7351 nominal, (Body size source: http://www.tortai-tech.com/upload/download/2011102023233369053.pdf), generated with kicad-footprint-generator")
    (tags capacitor)
    (path /5ECD2614/5CC7A80C)
    (attr smd)
    (fp_text reference C5 (at 0 -1.43) (layer F.SilkS)
      (effects (font (size 1 1) (thickness 0.15)))
    )
    (fp_text value "100nF 6,3 V" (at 0 1.43) (layer F.Fab)
      (effects (font (size 1 1) (thickness 0.15)))
    )
    (fp_line (start 1.48 0.73) (end -1.48 0.73) (layer F.CrtYd) (width 0.05))
    (fp_line (start 1.48 -0.73) (end 1.48 0.73) (layer F.CrtYd) (width 0.05))
    (fp_line (start -1.48 -0.73) (end 1.48 -0.73) (layer F.CrtYd) (width 0.05))
    (fp_line (start -1.48 0.73) (end -1.48 -0.73) (layer F.CrtYd) (width 0.05))
    (fp_line (start -0.162779 0.51) (end 0.162779 0.51) (layer F.SilkS) (width 0.12))
    (fp_line (start -0.162779 -0.51) (end 0.162779 -0.51) (layer F.SilkS) (width 0.12))
    (fp_line (start 0.8 0.4) (end -0.8 0.4) (layer F.Fab) (width 0.1))
    (fp_line (start 0.8 -0.4) (end 0.8 0.4) (layer F.Fab) (width 0.1))
    (fp_line (start -0.8 -0.4) (end 0.8 -0.4) (layer F.Fab) (width 0.1))
    (fp_line (start -0.8 0.4) (end -0.8 -0.4) (layer F.Fab) (width 0.1))
    (fp_text user %R (at 0 0) (layer F.Fab)
      (effects (font (size 0.4 0.4) (thickness 0.06)))
    )
    (pad 1 smd roundrect (at -0.7875 0) (size 0.875 0.95) (layers F.Cu F.Paste F.Mask) (roundrect_rratio 0.25)
      (net 1 +3V3))
    (pad 2 smd roundrect (at 0.7875 0) (size 0.875 0.95) (layers F.Cu F.Paste F.Mask) (roundrect_rratio 0.25)
      (net 2 GND))
    (model ${KISYS3DMOD}/Capacitor_SMD.3dshapes/C_0603_1608Metric.wrl
      (at (xyz 0 0 0))
      (scale (xyz 1 1 1))
      (rotate (xyz 0 0 0))
    )
  )

  (module Capacitor_SMD:C_0603_1608Metric (layer F.Cu) (tedit 5B301BBE) (tstamp 5EE1DBBE)
    (at -123.444999 -6.034999)
    (descr "Capacitor SMD 0603 (1608 Metric), square (rectangular) end terminal, IPC_7351 nominal, (Body size source: http://www.tortai-tech.com/upload/download/2011102023233369053.pdf), generated with kicad-footprint-generator")
    (tags capacitor)
    (path /5ECD2614/5CC7A816)
    (attr smd)
    (fp_text reference C6 (at 0 -1.43) (layer F.SilkS)
      (effects (font (size 1 1) (thickness 0.15)))
    )
    (fp_text value "100nF 6,3 V" (at 0 1.43) (layer F.Fab)
      (effects (font (size 1 1) (thickness 0.15)))
    )
    (fp_line (start -0.8 0.4) (end -0.8 -0.4) (layer F.Fab) (width 0.1))
    (fp_line (start -0.8 -0.4) (end 0.8 -0.4) (layer F.Fab) (width 0.1))
    (fp_line (start 0.8 -0.4) (end 0.8 0.4) (layer F.Fab) (width 0.1))
    (fp_line (start 0.8 0.4) (end -0.8 0.4) (layer F.Fab) (width 0.1))
    (fp_line (start -0.162779 -0.51) (end 0.162779 -0.51) (layer F.SilkS) (width 0.12))
    (fp_line (start -0.162779 0.51) (end 0.162779 0.51) (layer F.SilkS) (width 0.12))
    (fp_line (start -1.48 0.73) (end -1.48 -0.73) (layer F.CrtYd) (width 0.05))
    (fp_line (start -1.48 -0.73) (end 1.48 -0.73) (layer F.CrtYd) (width 0.05))
    (fp_line (start 1.48 -0.73) (end 1.48 0.73) (layer F.CrtYd) (width 0.05))
    (fp_line (start 1.48 0.73) (end -1.48 0.73) (layer F.CrtYd) (width 0.05))
    (fp_text user %R (at 0 0) (layer F.Fab)
      (effects (font (size 0.4 0.4) (thickness 0.06)))
    )
    (pad 2 smd roundrect (at 0.7875 0) (size 0.875 0.95) (layers F.Cu F.Paste F.Mask) (roundrect_rratio 0.25)
      (net 2 GND))
    (pad 1 smd roundrect (at -0.7875 0) (size 0.875 0.95) (layers F.Cu F.Paste F.Mask) (roundrect_rratio 0.25)
      (net 1 +3V3))
    (model ${KISYS3DMOD}/Capacitor_SMD.3dshapes/C_0603_1608Metric.wrl
      (at (xyz 0 0 0))
      (scale (xyz 1 1 1))
      (rotate (xyz 0 0 0))
    )
  )

  (module Capacitor_SMD:C_0603_1608Metric (layer F.Cu) (tedit 5B301BBE) (tstamp 5EE1DBCF)
    (at -114.094999 -15.824999)
    (descr "Capacitor SMD 0603 (1608 Metric), square (rectangular) end terminal, IPC_7351 nominal, (Body size source: http://www.tortai-tech.com/upload/download/2011102023233369053.pdf), generated with kicad-footprint-generator")
    (tags capacitor)
    (path /5ECD2614/5CC7D9E9)
    (attr smd)
    (fp_text reference C7 (at 0 -1.43) (layer F.SilkS)
      (effects (font (size 1 1) (thickness 0.15)))
    )
    (fp_text value "100nF 6,3 V" (at 0 1.43) (layer F.Fab)
      (effects (font (size 1 1) (thickness 0.15)))
    )
    (fp_line (start 1.48 0.73) (end -1.48 0.73) (layer F.CrtYd) (width 0.05))
    (fp_line (start 1.48 -0.73) (end 1.48 0.73) (layer F.CrtYd) (width 0.05))
    (fp_line (start -1.48 -0.73) (end 1.48 -0.73) (layer F.CrtYd) (width 0.05))
    (fp_line (start -1.48 0.73) (end -1.48 -0.73) (layer F.CrtYd) (width 0.05))
    (fp_line (start -0.162779 0.51) (end 0.162779 0.51) (layer F.SilkS) (width 0.12))
    (fp_line (start -0.162779 -0.51) (end 0.162779 -0.51) (layer F.SilkS) (width 0.12))
    (fp_line (start 0.8 0.4) (end -0.8 0.4) (layer F.Fab) (width 0.1))
    (fp_line (start 0.8 -0.4) (end 0.8 0.4) (layer F.Fab) (width 0.1))
    (fp_line (start -0.8 -0.4) (end 0.8 -0.4) (layer F.Fab) (width 0.1))
    (fp_line (start -0.8 0.4) (end -0.8 -0.4) (layer F.Fab) (width 0.1))
    (fp_text user %R (at 0 0) (layer F.Fab)
      (effects (font (size 0.4 0.4) (thickness 0.06)))
    )
    (pad 1 smd roundrect (at -0.7875 0) (size 0.875 0.95) (layers F.Cu F.Paste F.Mask) (roundrect_rratio 0.25)
      (net 1 +3V3))
    (pad 2 smd roundrect (at 0.7875 0) (size 0.875 0.95) (layers F.Cu F.Paste F.Mask) (roundrect_rratio 0.25)
      (net 2 GND))
    (model ${KISYS3DMOD}/Capacitor_SMD.3dshapes/C_0603_1608Metric.wrl
      (at (xyz 0 0 0))
      (scale (xyz 1 1 1))
      (rotate (xyz 0 0 0))
    )
  )

  (module Capacitor_SMD:C_0603_1608Metric (layer F.Cu) (tedit 5B301BBE) (tstamp 5EE1DBE0)
    (at -119.434999 -6.034999)
    (descr "Capacitor SMD 0603 (1608 Metric), square (rectangular) end terminal, IPC_7351 nominal, (Body size source: http://www.tortai-tech.com/upload/download/2011102023233369053.pdf), generated with kicad-footprint-generator")
    (tags capacitor)
    (path /5ECD2614/5CC7D9F3)
    (attr smd)
    (fp_text reference C8 (at 0 -1.43) (layer F.SilkS)
      (effects (font (size 1 1) (thickness 0.15)))
    )
    (fp_text value "100nF 6,3 V" (at 0 1.43) (layer F.Fab)
      (effects (font (size 1 1) (thickness 0.15)))
    )
    (fp_line (start -0.8 0.4) (end -0.8 -0.4) (layer F.Fab) (width 0.1))
    (fp_line (start -0.8 -0.4) (end 0.8 -0.4) (layer F.Fab) (width 0.1))
    (fp_line (start 0.8 -0.4) (end 0.8 0.4) (layer F.Fab) (width 0.1))
    (fp_line (start 0.8 0.4) (end -0.8 0.4) (layer F.Fab) (width 0.1))
    (fp_line (start -0.162779 -0.51) (end 0.162779 -0.51) (layer F.SilkS) (width 0.12))
    (fp_line (start -0.162779 0.51) (end 0.162779 0.51) (layer F.SilkS) (width 0.12))
    (fp_line (start -1.48 0.73) (end -1.48 -0.73) (layer F.CrtYd) (width 0.05))
    (fp_line (start -1.48 -0.73) (end 1.48 -0.73) (layer F.CrtYd) (width 0.05))
    (fp_line (start 1.48 -0.73) (end 1.48 0.73) (layer F.CrtYd) (width 0.05))
    (fp_line (start 1.48 0.73) (end -1.48 0.73) (layer F.CrtYd) (width 0.05))
    (fp_text user %R (at 0 0) (layer F.Fab)
      (effects (font (size 0.4 0.4) (thickness 0.06)))
    )
    (pad 2 smd roundrect (at 0.7875 0) (size 0.875 0.95) (layers F.Cu F.Paste F.Mask) (roundrect_rratio 0.25)
      (net 2 GND))
    (pad 1 smd roundrect (at -0.7875 0) (size 0.875 0.95) (layers F.Cu F.Paste F.Mask) (roundrect_rratio 0.25)
      (net 1 +3V3))
    (model ${KISYS3DMOD}/Capacitor_SMD.3dshapes/C_0603_1608Metric.wrl
      (at (xyz 0 0 0))
      (scale (xyz 1 1 1))
      (rotate (xyz 0 0 0))
    )
  )

  (module Capacitor_SMD:C_0603_1608Metric (layer F.Cu) (tedit 5B301BBE) (tstamp 5EE1DBF1)
    (at -127.454999 -5.274999)
    (descr "Capacitor SMD 0603 (1608 Metric), square (rectangular) end terminal, IPC_7351 nominal, (Body size source: http://www.tortai-tech.com/upload/download/2011102023233369053.pdf), generated with kicad-footprint-generator")
    (tags capacitor)
    (path /5ECD2614/5CC7D9FD)
    (attr smd)
    (fp_text reference C9 (at 0 -1.43) (layer F.SilkS)
      (effects (font (size 1 1) (thickness 0.15)))
    )
    (fp_text value "100nF 6,3 V" (at 0 1.43) (layer F.Fab)
      (effects (font (size 1 1) (thickness 0.15)))
    )
    (fp_line (start -0.8 0.4) (end -0.8 -0.4) (layer F.Fab) (width 0.1))
    (fp_line (start -0.8 -0.4) (end 0.8 -0.4) (layer F.Fab) (width 0.1))
    (fp_line (start 0.8 -0.4) (end 0.8 0.4) (layer F.Fab) (width 0.1))
    (fp_line (start 0.8 0.4) (end -0.8 0.4) (layer F.Fab) (width 0.1))
    (fp_line (start -0.162779 -0.51) (end 0.162779 -0.51) (layer F.SilkS) (width 0.12))
    (fp_line (start -0.162779 0.51) (end 0.162779 0.51) (layer F.SilkS) (width 0.12))
    (fp_line (start -1.48 0.73) (end -1.48 -0.73) (layer F.CrtYd) (width 0.05))
    (fp_line (start -1.48 -0.73) (end 1.48 -0.73) (layer F.CrtYd) (width 0.05))
    (fp_line (start 1.48 -0.73) (end 1.48 0.73) (layer F.CrtYd) (width 0.05))
    (fp_line (start 1.48 0.73) (end -1.48 0.73) (layer F.CrtYd) (width 0.05))
    (fp_text user %R (at 0 0) (layer F.Fab)
      (effects (font (size 0.4 0.4) (thickness 0.06)))
    )
    (pad 2 smd roundrect (at 0.7875 0) (size 0.875 0.95) (layers F.Cu F.Paste F.Mask) (roundrect_rratio 0.25)
      (net 2 GND))
    (pad 1 smd roundrect (at -0.7875 0) (size 0.875 0.95) (layers F.Cu F.Paste F.Mask) (roundrect_rratio 0.25)
      (net 1 +3V3))
    (model ${KISYS3DMOD}/Capacitor_SMD.3dshapes/C_0603_1608Metric.wrl
      (at (xyz 0 0 0))
      (scale (xyz 1 1 1))
      (rotate (xyz 0 0 0))
    )
  )

  (module Capacitor_SMD:C_0603_1608Metric (layer F.Cu) (tedit 5B301BBE) (tstamp 5EE1DC02)
    (at -118.104999 -15.824999)
    (descr "Capacitor SMD 0603 (1608 Metric), square (rectangular) end terminal, IPC_7351 nominal, (Body size source: http://www.tortai-tech.com/upload/download/2011102023233369053.pdf), generated with kicad-footprint-generator")
    (tags capacitor)
    (path /5ECD2614/5CC7DA07)
    (attr smd)
    (fp_text reference C10 (at 0 -1.43) (layer F.SilkS)
      (effects (font (size 1 1) (thickness 0.15)))
    )
    (fp_text value "100nF 6,3 V" (at 0 1.43) (layer F.Fab)
      (effects (font (size 1 1) (thickness 0.15)))
    )
    (fp_line (start -0.8 0.4) (end -0.8 -0.4) (layer F.Fab) (width 0.1))
    (fp_line (start -0.8 -0.4) (end 0.8 -0.4) (layer F.Fab) (width 0.1))
    (fp_line (start 0.8 -0.4) (end 0.8 0.4) (layer F.Fab) (width 0.1))
    (fp_line (start 0.8 0.4) (end -0.8 0.4) (layer F.Fab) (width 0.1))
    (fp_line (start -0.162779 -0.51) (end 0.162779 -0.51) (layer F.SilkS) (width 0.12))
    (fp_line (start -0.162779 0.51) (end 0.162779 0.51) (layer F.SilkS) (width 0.12))
    (fp_line (start -1.48 0.73) (end -1.48 -0.73) (layer F.CrtYd) (width 0.05))
    (fp_line (start -1.48 -0.73) (end 1.48 -0.73) (layer F.CrtYd) (width 0.05))
    (fp_line (start 1.48 -0.73) (end 1.48 0.73) (layer F.CrtYd) (width 0.05))
    (fp_line (start 1.48 0.73) (end -1.48 0.73) (layer F.CrtYd) (width 0.05))
    (fp_text user %R (at 0 0) (layer F.Fab)
